-0.1344 
-0.0813 
-0.0764 
-0.0684 
-0.0506 
-0.0671 
-0.0910 
-0.0851 
-0.0872 
-0.0490 
-0.0918 
-0.0511 
-0.0508 
-0.0470 
-0.1340 
-0.0899 
-0.0796 
-0.1579 
-0.1461 
-0.0846 
-0.0523 
-0.0783 
-0.0805 
-0.1070 
-0.0896 
-0.0703 
-0.0514 
-0.0528 
-0.0705 
-0.0462 
-0.0628 
-0.0327 
-0.0522 
-0.0686 
-0.0697 
-0.1227 
-0.0519 
-0.0521 
-0.0936 
-0.0828 
-0.0519 
-0.0851 
-0.0521 
-0.0942 
-0.0511 
-0.0151 
-0.0750 
-0.0521 
-0.0343 
-0.0636 
-0.0711 
-0.0469 
-0.1424 
-0.0464 
-0.0704 
-0.0712 
-0.1192 
-0.0466 
-0.1416 
-0.0710 
-0.0752 
-0.0878 
-0.0536 
-0.0702 
-0.0692 
-0.0749 
-0.0695 
-0.0143 
-0.0535 
-0.0519 
-0.0633 
-0.0465 
-0.0792 
-0.0780 
-0.0843 
-0.0529 
-0.0792 
-0.0518 
-0.0620 
-0.0795 
-0.0475 
-0.0716 
-0.0776 
-0.0528 
-0.0522 
-0.0531 
-0.0724 
-0.0692 
-0.0534 
-0.0858 
-0.0482 
-0.0116 
-0.0467 
-0.0468 
-0.0480 
-0.0689 
-0.0473 
-0.0469 
-0.0620 
-0.0824 
-0.0979 
-0.0706 
-0.0713 
-0.0520 
-0.0724 
-0.0692 
-0.0538 
-0.0523 
-0.0677 
-0.0530 
-0.0533 
-0.0470 
-0.0487 
-0.1171 
-0.0709 
-0.0703 
-0.0694 
-0.0690 
-0.0690 
-0.0703 
-0.0698 
-0.0690 
-0.0530 
-0.0685 
