1.2236 
0.2000 
0.2018 
0.1833 
0.1878 
0.2249 
0.2776 
0.1965 
0.1707 
0.1976 
0.1941 
0.1656 
0.1569 
0.2363 
0.2089 
0.1895 
0.2985 
0.2615 
0.1959 
0.1671 
0.1950 
0.1920 
0.2401 
0.1954 
0.1856 
0.1610 
0.1678 
0.1936 
0.1679 
0.1632 
0.1641 
0.1842 
0.1821 
0.2398 
0.1693 
0.1670 
0.2095 
0.2061 
0.1628 
0.1980 
0.1658 
0.2048 
0.1644 
0.1974 
0.1655 
0.1680 
0.1715 
0.1464 
0.2485 
0.1742 
0.1876 
0.2262 
0.1577 
0.2470 
0.1903 
0.1837 
0.2039 
0.1639 
0.1848 
0.1899 
0.1890 
0.1836 
0.1697 
0.1970 
0.2001 
0.1458 
0.1846 
0.1799 
0.1988 
0.1645 
0.1922 
0.1655 
0.1759 
0.1799 
0.1479 
0.1864 
0.1882 
0.1632 
0.1624 
0.1991 
0.1927 
0.1868 
0.1637 
0.1950 
0.1539 
0.1475 
0.1473 
0.1536 
0.1698 
0.1537 
0.1479 
0.1640 
0.1934 
0.2204 
0.1848 
0.1922 
0.1686 
0.1838 
0.1894 
0.1754 
0.1622 
0.1772 
0.1742 
0.1738 
0.1524 
0.1527 
0.2292 
0.1876 
0.1900 
0.1792 
0.1805 
0.1931 
0.1848 
0.1790 
0.1824 
0.1673 
0.1840 
